#! FIELDS time bias.bias
 0.000000 -528.069316
 0.200000 -520.476609
 0.400000 -527.916391
 0.600000 -517.219057
 0.800000 -522.086882
 1.000000 -518.061922
 1.200000 -509.505705
 1.400000 -511.815655
 1.600000 -513.576727
 1.800000 -513.185230
 2.000000 -517.254096
 2.200000 -517.163054
 2.400000 -521.688902
 2.600000 -513.523040
 2.800000 -510.463242
 3.000000 -520.101419
 3.200000 -519.491820
 3.400000 -520.415285
 3.600000 -518.321649
 3.800000 -525.926977
 4.000000 -523.273813
 4.200000 -519.751085
 4.400000 -518.760107
 4.600000 -516.294495
 4.800000 -517.931825
 5.000000 -516.717098
 5.200000 -518.422257
 5.400000 -521.193895
 5.600000 -517.767852
 5.800000 -523.386488
 6.000000 -518.492728
 6.200000 -521.536892
 6.400000 -516.715579
 6.600000 -514.699187
 6.800000 -512.975761
 7.000000 -519.264149
 7.200000 -514.777333
 7.400000 -512.848807
 7.600000 -517.688910
 7.800000 -520.807188
 8.000000 -523.150848
 8.200000 -522.738932
 8.400000 -526.334694
 8.600000 -523.344620
 8.800000 -516.241417
 9.000000 -516.276736
 9.200000 -518.113870
 9.400000 -518.134600
 9.600000 -519.601974
 9.800000 -524.810732
 10.000000 -518.960177
 10.200000 -517.969797
 10.400000 -512.686269
 10.600001 -517.140864
 10.800001 -518.445423
 11.000001 -523.164535
 11.200001 -518.505880
 11.400001 -520.050887
 11.600001 -523.947351
 11.800001 -514.191368
 12.000001 -516.031415
 12.200001 -513.705745
 12.400001 -511.289327
 12.600001 -518.016269
 12.800001 -513.408177
 13.000001 -519.913880
 13.200001 -515.715493
 13.400001 -515.219673
 13.600001 -514.697697
 13.800001 -514.904590
 14.000001 -514.636288
 14.200001 -517.713841
 14.400001 -519.128288
 14.600001 -523.707989
 14.800001 -520.641735
 15.000001 -514.482841
 15.200001 -513.648313
 15.400001 -512.276233
 15.600001 -514.763876
 15.800001 -516.878293
 16.000001 -520.484875
 16.200001 -520.474389
 16.400001 -526.830634
 16.600001 -526.342210
 16.800001 -514.266351
 17.000001 -516.088416
 17.200001 -511.802010
 17.400001 -518.087929
 17.600001 -521.076981
 17.800001 -515.127002
 18.000001 -517.948182
 18.200001 -521.986716
 18.400001 -519.946405
 18.600001 -520.683931
 18.800001 -518.280125
 19.000001 -515.114634
 19.200001 -512.750560
 19.400001 -518.279460
 19.600001 -517.064491
 19.800001 -518.357003
 20.000001 -526.128972
 20.200001 -518.828990
 20.400001 -517.826079
 20.600001 -518.631243
 20.800001 -519.890257
 21.000001 -522.898295
 21.200001 -520.039792
 21.400001 -513.328455
 21.600001 -508.322411
 21.800001 -517.679929
 22.000001 -511.820049
 22.200001 -515.200281
